Ocena: 766
Kolejność: 6 9 2 5 1 3 4 7 8 10 
Ocena: 799
Kolejność: 6 9 2 11 5 1 3 7 4 8 10 
Ocena: 742
Kolejność: 6 9 2 11 5 1 3 12 7 4 8 10 
Ocena: 688
Kolejność: 6 9 5 2 11 1 3 7 12 4 8 10 13 
Ocena: 497
Kolejność: 6 9 5 1 2 3 11 7 12 4 8 10 13 14 
Ocena: 440
Kolejność: 6 9 5 1 2 3 11 4 12 7 8 10 13 14 15 
Ocena: 423
Kolejność: 6 9 5 1 2 3 7 11 4 12 8 10 13 14 15 16 
Ocena: 417
Kolejność: 6 9 5 1 2 3 7 11 4 12 8 10 13 14 15 16 17 
Ocena: 405
Kolejność: 6 9 5 1 2 3 7 11 12 16 17 18 4 8 10 13 14 15 
Ocena: 393
Kolejność: 6 9 5 1 2 3 4 11 12 16 18 7 8 10 13 14 15 19 17 
Ocena: 897
Kolejność: 6 20 9 5 1 2 3 7 11 12 18 4 8 10 13 14 16 17 19 15 